$ANSIBLE_VAULT;1.1;AES256
30653431636263383264306661323034313337626136636634303738646231333235336464386361
6364643966663563336166306139396138656637326464300a383135653839303834373536363635
66616561393536356331613162653339616332613038313166616637396466336361386431396465
6137383531616437620a353866316638306639333031633833346262393334356161383966313832
39333062313138343631316334666435343035383039656238386431666635306538373361383630
32393664653436346164633333333861373663376433663238633236653231373836333430313362
62663638646333373237363939653266623766363862353030653936643437633539633738613265
36343439633439633536316336643030656639386165356334653932663537363236323238646561
62633237353039626266616638663261333466653566363366626664393534336333336461333130
65313361303465393961373164396537336334383963646332396633313138343131666438393034
33653631323031353034303537303439343239353631323366353935313466636564343437313236
39353734353161313332613762396461353335363966306335663136613366303634373230313862
30656239383138656465343864306366356463386238646231353736623061383063636336316134
65373130313231376663373834646536353735326262346437663565316231613938383332316365
36393264376164396435623665396537373365376639353135646161616635373832343063326433
35373334313061626631346533386137383430383639663930636331363031656134646464633637
63656339643033353135313865633764386137616636326132333964343133303235653238393361
34313539313630643734323366356138396234616365316137616134613934326630633035336236
386665303365643933303134353362613735
